1 something 4.059000149027985 4.059000149027987 31.361656712159853 1693667194.9574 1693531329.832396
2 something 4.129493775949379 4.129493775965824 15793.067201641305 1693547198.161295 1693531329.832396
122 Yeriuefijweof 4.0 4.0 24.0 1693667206.814953 1693667206.814953
3 wkefp 4.0 4.0 24.0 1693667265.144408 1693667265.144408
4 wefjwofeijow 4.0 4.0 24.0 1693667269.670647 1693667269.670647
5 wjoiefjwoiefjowijf1 4.0 4.0 24.0 1693667273.875647 1693667273.875647
6 wjeoifjwoeifjoweofwejfoijo 4.0 4.0 24.0 1693667284.516623 1693667284.516623
7 jwoeifjoojiejioewfojiwefoji 4.0 4.0 24.0 1693667292.689126 1693667292.689126
8 woefkpkopewkopef 4.0 4.0 24.0 1693667298.401768 1693667298.401768
9 kkopfwekopewfpkowefkop 4.0 4.0 24.0 1693667303.585008 1693667303.585008
10 wefwkepfokwpeofkwpoefk 4.0 4.0 24.0 1693667321.699182 1693667321.699182
